Day ,Density,Change in Density
0,2,NaN
1,NaN,NaN
2,14,20
3,34,22
4,56,38
5,94,95
6,189,77
7,266,64
8,330,86
9,416,91
10,507,73
11,580,30
12,610,-97
13,513,80
14,593,-36
15,557,3
16,560,-38
17,522,43
18,565,-48
19,517,-17
20,500,85
21,585,-85
22,500,-5
23,495,30
24,525,-15
25,510,NaN
